1   1   0.41071427775369523
1   2   0.16964285534673504
1   3   0.23809523809523808
1   4   0.03125
2   1   0.41071427014789413
2   2   0.12053571275568432
2   3   0.3050595255834716
2   4   0.02827380952380952
3   1   0.25148809523809523
3   2   0.07738095238095238
3   3   0.14583333189200076
3   4   0.011904761993459292
4   1   0.2499999982038779
4   2   0.06845238095238095
4   3   0.053571428571428575
4   4   0.010416666666666666
5   1   1.081845322623849
5   2   0.16220237283656996
5   3   0.3377975937245148
5   4   0.07291666666666666
6   1   0.7171631189994514
6   2   0.18749999807083184
6   3   0.1785714285714286
6   4   0.05654761840456299
7   1   1.2391350983497906
7   2   0.224702380952381
7   3   0.6565560459469755
7   4   0.20386904761904762
9   1   0.10119047488218971
9   2   0.07589285714285714
9   3   0.08928571322134563
9   4   0.00744047619047619
10   1   0.10119047494871275
10   2   0.0342261899661805
10   3   0.06547618950051921
10   4   0.005952380952380952
11   1   0.037202380952380945
11   2   0.01339285723155453
11   3   0.02232142857142857
11   4   0.001488095238095238
12   1   0.0997023797993149
12   2   0.040178571428571425
12   3   0.06398809523809525
12   4   0.010416666666666666
13   1   0.28125000035478953
13   2   0.15625
13   3   0.1488095238095238
13   4   0.03273809523809524
14   1   0.2723214285714286
14   2   0.15624999853649313
14   3   0.2485119051166943
14   4   0.026785714285714288
15   1   0.3735118908696764
15   2   0.18601190272186482
15   3   0.200892855280212
15   4   0.025297619047619044
16   1   0.09970238095238093
16   2   0.0863095227229808
16   3   0.127976189167904
16   4   0.005952380952380952
17   1   0.05357142857142858
17   2   0.019345238095238096
17   3   0.04613095238095237
17   4   0.00744047619047619
18   1   0.351798107758874
18   2   0.23065475131651123
18   3   0.43601190476190477
18   4   0.0625
19   1   0.11607142857142858
19   2   0.08184523809523808
19   3   0.10714285714285714
19   4   0.02232142857142857
20   1   0.2812499887797804
20   2   0.11904761904761903
20   3   0.16666666491489326
20   4   0.020833333333333332
21   1   0.8058494782696167
21   2   0.24255952469649772
21   3   0.2663690476190476
21   4   0.056547619225013834
22   1   0.5044642857142857
22   2   0.31398798658379484
22   3   0.6366284096923966
22   4   0.09375
23   1   0.9417483930786451
23   2   0.3095238095238094
23   3   0.42708331768933144
23   4   0.10863095238095237
24   1   0.8228071512920514
24   2   0.620562707107248
24   3   1.011515888917659
24   4   0.2589285714285714
25   1   0.27380952380952384
25   2   0.19047619065358526
25   3   0.48958333351072814
25   4   0.09821428571428571
26   1   0.3020833351072811
26   2   0.12499999880258528
26   3   0.42704621706867496
26   4   0.11160714152668205
27   1   1.1278670035480034
27   2   0.3601190333609425
27   3   0.5744046522193544
27   4   0.1294642842507788
28   1   0.4717261739452148
28   2   0.35119048027055605
28   3   0.6675130676012486
28   4   0.15922619047619047
29   1   0.32589285714285715
29   2   0.20535714285714288
29   3   0.37797448322886507
29   4   0.07738095238095238
30   1   0.30357142857142855
30   2   0.13690476039690633
30   3   0.19196428358554843
30   4   0.023809523454734256
31   1   2.230720921020423
31   2   0.15922619047619047
31   3   0.43749980575272013
31   4   0.13839285534673504
32   1   0.26934522758459767
32   2   0.07291666666666666
32   3   0.16220237933365364
32   4   0.019345238095238096
33   1   0.150297619047619
33   2   0.06845238095238096
33   3   0.09077380850378956
33   4   0.03869047619047619
34   1   0.41220238095238093
34   2   0.09821428438382489
34   3   0.22767856943288015
34   4   0.037202380952380945
35   1   0.049107142857142856
35   2   0.04315476190476192
35   3   0.0505952380952381
35   4   0.00744047619047619
36   1   0.07142857142857144
36   2   0.04464285714285714
36   3   0.0669642857142857
36   4   0.025297619047619048
37   1   0.306547619047619
37   2   0.16220238095238096
37   3   0.33482142857142855
37   4   0.04761904761904762
38   1   0.17113095433229494
38   2   0.08630952272298081
38   3   0.11904761922501382
38   4   0.016369047619047616
39   1   0.202380950695702
39   2   0.13392857142857142
39   3   0.24553571446310904
39   4   0.03422619047619048
40   1   0.27529761904761907
40   2   0.050595237407833345
40   3   0.10267857056377191
40   4   0.029761904318417815
41   1   0.25148809523809523
41   2   0.19345237886799235
41   3   0.3273809382448062
41   4   0.07142857142857141
42   1   0.7172618832971369
42   2   0.45684522178600584
42   3   0.761641798929001
42   4   0.1086309511613633
43   1   0.608515014173463
43   2   0.37048557400703436
43   3   0.5943027344931449
43   4   0.13244047454957453
44   1   0.08779761904761904
44   2   0.05208333262375424
44   3   0.10416666666666666
44   4   0.01488095238095238
45   1   0.31696428571428564
45   2   0.21874998989958497
45   3   0.33779761904761907
45   4   0.05357142857142857
46   1   0.019345238095238092
46   2   0.019345238095238096
46   3   0.03125
46   4   0.002976190476190476
47   1   0.11011904761904762
47   2   0.06994047619047619
47   3   0.1041666656466467
47   4   0.019345238095238096
48   1   0.5059523985144638
48   2   0.40327379346958225
48   3   0.5476190301678365
48   4   0.09821428571428573
49   1   0.11160714285714285
49   2   0.07142857069681798
49   3   0.09672618520978306
49   4   0.010416666666666666
50   1   0.22916666491489324
50   2   0.0907738095238095
50   3   0.1562499982038779
50   4   0.017857142857142856
51   1   0.07291666666666667
51   2   0.06845238095238095
51   3   0.10119047619047618
51   4   0.008928571472920123
52   1   0.23363095238095238
52   2   0.2455356998723887
52   3   0.3883928571428571
52   4   0.052083333333333336
53   1   0.08035714285714285
53   2   0.09672618923442705
53   3   0.14434523640998773
53   4   0.005952380952380952
54   1   0.049107142857142856
54   2   0.02976190438494086
54   3   0.05654761904761904
54   4   0.002976190476190476
55   1   0.18898809302066055
55   2   0.11458332801149004
55   3   0.10863095238095238
55   4   0.008928571428571428
56   1   0.11309523647651075
56   2   0.020833333089415512
56   3   0.0669642857142857
56   4   0.011904761904761904
57   1   0.14285714285714282
57   2   0.16220237940017665
57   3   0.21428571235654612
57   4   0.032738097012043
58   1   0.11011904761904762
58   2   0.06250000008869738
58   3   0.07142857133987404
58   4   0.008928571428571428
59   1   0.1517857128887304
59   2   0.09672618936747314
59   3   0.11458333195852381
59   4   0.00744047619047619
60   1   0.34672617662831073
60   2   0.18898809341979883
60   3   0.4107142677530646
60   4   0.06696428571428571
61   1   0.07589285714285715
61   2   0.05505952380952382
61   3   0.06994047534785101
61   4   0.010416666666666666
62   1   0.17410714285714288
62   2   0.11458333202504686
62   3   0.18005952380952384
62   4   0.046130952380952384
63   1   0.08333333333333333
63   2   0.049107142857142856
63   3   0.07589285714285715
63   4   0.005952380952380952
64   1   0.00000000000000000000000000000000000000000000000
64   3   0.125
64   4   0.025297619047619048
65   1   0.41369046289695516
65   2   0.28571428571428575
65   3   0.5159103100498518
65   4   0.10714285587891935
66   1   0.3839285724929401
66   2   0.3258928432062801
66   3   0.6897855316665733
66   4   0.0997023797993149
67   1   0.41369047867400305
67   2   0.30357142591050695
67   3   0.6020563454478092
67   4   0.1160714271744447
68   1   0.4538660712118837
68   2   0.35714287647888776
68   3   0.7304029414164169
68   4   0.10863095238095236
69   1   0.22172617982141674
69   2   0.13839285714285715
69   3   0.18005952380952384
69   4   0.043154761904761904
70   1   0.52976188854137
70   2   0.4270833333333333
70   3   0.7083060390182905
70   4   0.1398809508952711
71   1   0.09970238095238093
71   2   0.03125
71   3   0.050595238095238096
71   4   0.013392857142857142
72   1   0.31696428571428575
72   2   0.16071428558123962
72   3   0.2886904733521598
72   4   0.0610119052053917
73   1   0.05654761904761905
73   2   0.02976190476190476
73   3   0.04464285714285715
73   4   0.002976190476190476
74   1   0.1800595238095238
74   2   0.11011904761904759
74   3   0.1339285699650645
74   4   0.010416666666666666
75   1   0.22767856923331106
75   2   0.058035711713490035
75   3   0.1101190465768533
75   4   0.00744047619047619
76   1   0.334821415821179
76   2   0.0937499951881667
76   3   0.17261904571205378
76   4   0.0252976190476190487
