0   1   0.6380299890325183
0   2   0.20952379831245968
0   3   0.3888889153798421
0   4   0.058730159865485305
1   1   0.43811058111134027
1   2   0.18095237903651737
1   3   0.25396825396825395
1   4   0.03333333475249154
2   1   0.4380954428797677
2   2   0.1285714269393966
2   3   0.3253970965506539
2   4   0.030158730158730156
3   1   0.26825741359165733
3   2   0.08254374738723512
3   3   0.15555555401813415
3   4   0.012698639479894486
4   1   0.2666666647508031
4   2   0.073015873015873
4   3   0.05714285714285715
4   4   0.011111112104521858
5   1   1.1413407245325662
5   2   0.17301586435900795
5   3   0.360311186455545
5   4   0.07777778156219967
6   1   0.8698280495074059
6   2   0.19999999794222062
6   3   0.19047619047619052
6   4   0.060317459773449676
7   1   1.4502397407792387
7   2   0.23968253779032878
7   3   0.7335265952679844
7   4   0.21746028699572123
9   1   0.10793650881165548
9   2   0.0809523812362126
9   3   0.09523809410276866
9   4   0.007936507936507936
10   1   0.10793650661196026
10   2   0.03650793596392587
10   3   0.06984126965204875
10   4   0.006349206349206349
11   1   0.03968253968253967
11   2   0.014285714285714285
11   3   0.023809523809523805
11   4   0.0015873015873015873
12   1   0.10634920511926922
12   2   0.04285714285714285
12   3   0.06825397232222179
12   4   0.01111111111111111
13   1   0.2999999996215578
13   2   0.16666666666666666
13   3   0.15873015910860092
13   4   0.03492063492063492
14   1   0.2905369648857722
14   2   0.16666666510559267
14   3   0.2677235679020958
14   4   0.028571428855260213
15   1   0.39841271434274933
15   2   0.19841269652048746
15   3   0.21428574493953165
15   4   0.026984130106275043
16   1   0.10634920634920633
16   2   0.09206349090451285
16   3   0.1365079348285993
16   4   0.006349206349206349
17   1   0.0571428570482466
17   2   0.020634920634920634
17   3   0.049206349300959754
17   4   0.007936507936507936
18   1   0.3752191965542143
18   2   0.24603155994462592
18   3   0.4668574692710999
18   4   0.06666666666666667
19   1   0.12380952380952381
19   2   0.08730158730158728
19   3   0.11428571428571428
19   4   0.02380952414066072
20   1   0.29999998803176575
20   2   0.12698412698412695
20   3   0.17777872986736748
20   4   0.02222222222222222
21   1   0.9192918482753965
21   2   0.25873015873015875
21   3   0.28412698904673267
21   4   0.06031746031746031
22   1   0.5380956189973014
22   2   0.3349206206344422
22   3   0.6803427274028461
22   4   0.1
23   1   1.3401880746796018
23   2   0.33015873015873004
23   3   0.4555556576048571
23   4   0.11587404788486542
24   1   1.1254086061129494
24   2   0.6677225952938436
24   3   1.1010144161326543
24   4   0.2763273708404057
25   1   0.29206978574631715
25   2   0.2031746031746032
25   3   0.5224282300661481
25   4   0.10476190476190476
26   1   0.32222222222222213
26   2   0.13333333163034347
26   3   0.455555538336436
26   4   0.11904761762846086
27   1   1.209342254674624
27   2   0.38414031539171467
27   3   0.6110865320596429
27   4   0.13809523667607987
28   1   0.5031400039673798
28   2   0.37460317460317455
28   3   0.7889743727942308
28   4   0.16984126984126982
29   1   0.3476190472406054
29   2   0.21904762018294563
29   3   0.40317475303771
29   4   0.08253968253968254
30   1   0.3244473235947745
30   2   0.14603174484911421
30   3   0.2047619000786827
30   4   0.025396825018383206
31   1   1.4863168716430664
31   2   0.16984126984126982
31   3   0.46664142807324727
31   4   0.14761904570318404
32   1   0.28730153469812314
32   2   0.07777778411668444
32   3   0.173015871714978
32   4   0.02063492347323705
33   1   0.16031746031746028
33   2   0.07301587301587302
33   3   0.09682539573737553
33   4   0.04126984126984127
34   1   0.43968253949331854
34   2   0.10476191015470596
34   3   0.24288528320335206
34   4   0.03968253968253967
35   1   0.05238095238095238
35   2   0.04603174603174605
35   3   0.05396825396825398
35   4   0.007936507936507936
36   1   0.0761904761904762
36   2   0.04761904761904761
36   3   0.07142857142857141
36   4   0.026984126984126985
37   1   0.3269842490317329
37   2   0.173015873015873
37   3   0.357142856953636
37   4   0.0507936509828719
38   1   0.1825396825396825
38   2   0.09206349090451287
38   3   0.12698412480808438
38   4   0.017460317460317457
39   1   0.21587321034499576
39   2   0.14285714285714285
39   3   0.2619061070775229
39   4   0.03650793650793651
40   1   0.2950640299963573
40   2   0.0539682536607697
40   3   0.10952382179952805
40   4   0.031746031272979
41   1   0.26825396825396824
41   2   0.2063492041258585
41   3   0.34920632892421316
41   4   0.07619047619047617
42   1   0.761197656393051
42   2   0.48730256449845105
42   3   0.9164437460402647
42   4   0.1158730148559525
43   1   0.6923232529726293
43   2   0.3952131053758045
43   3   0.6507713499050293
43   4   0.14126983980337782
44   1   0.09365079365079364
44   2   0.055555554798671185
44   3   0.1111111111111111
44   4   0.015873015873015872
45   1   0.338095238095238
45   2   0.2333334202449473
45   3   0.3613400381708903
45   4   0.05714285714285714
46   1   0.02063492063492063
46   2   0.020634920918752277
46   3   0.03333333333333333
46   4   0.0031746031746031746
47   1   0.11746031746031746
47   2   0.07460317526544842
47   3   0.11111111115841638
47   4   0.020634920634920634
48   1   0.5396825406286452
48   2   0.4301670270306723
48   3   0.5747726281720493
48   4   0.10476306676864625
49   1   0.11904761904761904
49   2   0.07619047540993917
49   3   0.10317459755710193
49   4   0.01111111111111111
50   1   0.24444444158247539
50   2   0.0968253968253968
50   3   0.16666723369132905
50   4   0.019047619047619046
51   1   0.07777777777777778
51   2   0.073015873015873
51   3   0.10793650793650793
51   4   0.009523809523809523
52   1   0.2492063492063492
52   2   0.26190474653054796
52   3   0.4142859252672347
52   4   0.05555555555555556
53   1   0.0857142857142857
53   2   0.10317460185005552
53   3   0.15396825217065357
53   4   0.006349206443816896
54   1   0.05238095238095238
54   2   0.031746031343936915
54   3   0.06031746031746031
54   4   0.0031746031746031746
55   1   0.20158772326651075
55   2   0.12222221654558937
55   3   0.1158720466825697
55   4   0.009523809713030618
56   1   0.12063491905019394
56   2   0.022222221962043213
56   3   0.07142857142857141
56   4   0.012698412698412698
57   1   0.1523809537055
57   2   0.17318057148229513
57   3   0.22857304832765038
57   4   0.0349206354882982
58   1   0.11746031746031746
58   2   0.06666666666666667
58   3   0.07619047619047618
58   4   0.009523809571114797

59   1   0.16190476254338307
